0.35245086472948506 0.2991421119525395 0.7886513976352555
0.7487554783077698 0.041175165845478215 0.26818557459306186
0.23967115012205817 0.20216429654488643 0.05749093089306606
0.16122139310593164 0.41100645272905617 0.2726248600155203
0.20222239626306593 0.7249872507219424 0.19535083492760497
0.2662008962175621 0.7318110324536647 0.07328978312729693
0.26710910733746823 0.7930554000083272 0.15673916191915524
0.42682120528734535 0.7697694378010398 0.07951378541945829
0.4393670320898225 0.7231730962781617 0.08160951868208395
0.23928680389073165 0.2709684986796207 0.4693717307261558
0.6985057363820915 0.7853127713988958 0.7374520242221752
0.7537148764079271 0.15201753354712289 0.5915818624089852
0.6016319799384813 0.37676886625583983 0.1216976587111913
0.013656403646141247 0.21319764471934524 0.4431215662019223
0.06551184374170753 0.4700477414543517 0.6142784763021735
0.8530467150622243 0.30747580297039323 0.21552339979077875
0.8193028579184527 0.4053827383831462 0.8214334498538419
0.13387672180787943 0.8412345744994698 0.6638676007732858
0.4950411149077542 0.47747871784060625 0.13490222540195748
0.7927290840414514 0.7904077766717171 0.014949993736855216
0.26112100699797686 0.5411694434529345 0.03237256656328713
0.6915208949136304 0.7541088118463198 0.8257042893910745
0.731246537064073 0.3418494800513939 0.003883423217099924
0.09256954966545188 0.6932491244844792 0.25003370240416306
0.707560280391841 0.32691794023326837 0.29697845209125606
0.49988155029070525 0.8831782075012445 0.3908712644882482
0.4216057682572108 0.6004017192621192 0.24714876136276276
0.3563114651331988 0.4537275436590686 0.597439348478126
0.7092339709949481 0.7044056102046727 0.2402521061938542
0.40634347053823483 0.052696725785977616 0.1766595860789872
0.49824769449848355 0.8796714071271641 0.7463201554777397
0.39147598521452537 0.09283935122911689 0.39240286706287836
0.5433220832061133 0.18566141693396113 0.1779397373689029
0.05746164471223674 0.15396144401458203 0.13008976734301556
0.3571514883493739 0.6701608144901074 0.45369637667161217
0.7080410163628693 0.8753664180903422 0.7260756915412878
0.15851464086138226 0.399279184727705 0.5042512680218926
0.20357738928300118 0.754068388465199 0.29558682329224
0.5005596866823265 0.7427764893840789 0.3223543387198352
0.7388562690055678 0.19662280352016914 0.004010284904889872
0.4760428498224094 0.09496497279051197 0.6126313889921033
0.8984500173526067 0.3809378606970617 0.3076569462458804
0.5233225155206377 0.7612537964338081 0.7818863768351704
0.5159923463054363 0.08768014374985889 7.16681441337852e-05
0.005465840575787906 0.8447081985190867 0.8230214722278334
0.01344048152481464 0.6397654118638468 0.7745428907832993
0.5323825339029815 0.14218883876742858 0.2079812496236157
0.16660539053618642 0.36252997198346015 0.7874083029175901
0.06535842439806182 0.4643707428626309 0.8206158604843848
0.36068499212503774 0.7663520391314268 0.8969929934301897
0.013948508116385016 0.13570502130356946 0.192882617443554
0.45984796013436857 0.648280515808521 0.8129603682168526
0.5881738352753656 0.4295594585919533 0.08930694921236464
0.35123927187921294 0.2955104905934115 0.20083738835210765
0.8809864155904066 0.5091424072762322 0.6710864351348136
0.08403638970183368 0.4531911261151874 0.6376010379346809
0.176861750162125 0.07188756052206449 0.13103423616834411
0.7983205109597248 0.8922999806656887 0.41921920840580623
0.8096063880228516 0.1875945047319457 0.15257729733717484
0.6937057199666521 0.21533298140855775 0.17603015503175998
0.7344736207314748 0.1054563830136723 0.015691029606926588
0.7576682889889866 0.2784940632136252 0.6367160008493339
0.6987815963778417 0.6616889796250095 0.07817851749892019
0.6056490890745808 0.8816336562119441 0.001579796886242646
0.5190066809622721 0.8236122940644496 0.349866558793512
0.36965356540824024 0.14778737897564734 0.10893438097177345
0.43705340707924106 0.827059519371086 0.8192315127392666
0.6006863910905371 0.41749492324747745 0.6487061058350285
0.22940753971608321 0.4409401378850436 0.10234169061678396
0.4092181898740438 0.27139437479793727 0.17403057675380784
0.5641582749915001 0.8043530068800043 0.7846780782086765
0.25151143151352906 0.2214865255672165 0.07067070350759982
0.19724981632177013 0.2241200685928655 0.3762090443115889
0.14430953374222028 0.8511275524471107 0.06805601492581519
0.3532226876912983 0.004077039654710346 0.6756782359164754
0.21821089714503955 0.675827798183792 0.7126019729884828
0.7478914365877649 0.3147453175752691 0.16776651526673364
0.46847279397213304 0.20364069182633 0.198784909448289
0.20206576473508778 0.8516237128310098 0.25236843275067394
0.2771654553064474 0.8006679306269684 0.35451938513679926
0.8702304982244333 0.020327063866759556 0.7199424177158886
0.8767172262389608 0.6736368907496227 0.33905199300966377
0.3704957041528175 0.21617795721256086 0.24102555270860584
0.810028321611904 0.5229707037766493 0.6644751800512316
0.678053866835964 0.7876223072020161 0.6191185570476708
0.6494618658180668 0.6648842034209799 0.39159767330757467
0.47275828873896913 0.24387041447700505 0.02129097067496589
0.8336104718742872 0.24596709895673008 0.7363340044502128
0.5092783292225834 0.5012073936135143 0.4315924832589126
0.6298327794918147 0.3667767333624985 0.6658159882328825
0.18517934627528887 0.7809750291284531 0.10538652820729946
0.5254368535885838 0.2467946798765019 0.5250579988986406
0.8941113645958656 0.07933967673843158 0.7386052312444772
0.39477139220416885 0.7727723176043647 0.7903549942745517
0.1428606880545689 0.0246244323048072 0.688548352814582
0.856618250491354 0.8193960096344092 0.3764635918283487
0.724604559137362 0.5816146968235663 0.5718132906392808
0.869509250760422 0.05908466215731896 0.33846450054731303
0.7634732289131635 0.10414194351368627 0.8358030424293088
0.0668689321667704 0.7384289693951395 0.8968783580511221
0.25550099586571556 0.42608466163183895 0.03695864017910514
0.2859166310482388 0.3686070080836721 0.8575021294125968
0.04804450303201784 0.5595282548011268 0.4077055352090538
0.8620226311286248 0.5991831912668545 0.09747296272277477
0.7277848062692163 0.8510175133694813 0.6098948375426053
0.8411119574155502 0.4941074970100087 0.6632301856304679
0.19271365373074875 0.25409077952368486 0.11267185479672832
0.8591880956792614 0.23152950813780765 0.16325821901276472
0.7955133314909792 0.7765723332378424 0.18539736682720637
0.5690968880752669 0.3374669876623525 0.06950513042461022
0.6000980305617554 0.2343715192078038 0.6963663731632781
0.3815227444078956 0.035794123746019015 0.6728196037923863
0.1853602440027756 0.3419486799316331 0.8960684681482013
0.04542106911337682 0.4330358748552063 0.4630738163832858
0.039857678085705006 0.7149691024371764 0.1929339573226648
0.8084594565660765 0.2810052527525248 0.7561793280736779
0.27096315952577193 0.3546976315029355 0.29760624237024325
0.6247170190680013 0.41116003472700074 0.5897666283701638
0.2893009464687388 0.4430188342702996 0.5501418187601947
0.4376452790727363 0.678736206862469 0.7572509281856485
0.14079083056794042 0.6183332903755592 0.43705053205922817
0.059725032810607016 0.7901686644594448 0.31884956601939257
0.54028955864387 0.7263161777582227 0.22384304977476543
0.025608729071018455 0.12936112076873316 0.5865463642981363
0.0804789388719984 0.8273554572968203 0.40373779277627764
0.5059489642935754 0.7899666867865175 0.5959197060597917
0.544691915610651 0.6902482029268189 0.24561976261157897
0.33840419915706366 0.3881275232210237 0.28992137669724927
0.5660065149088468 0.4619232881230736 0.5908652694632619
0.2643449220584427 0.30061813774398 0.2745779536203907
0.4093251802959561 0.14043446997201645 0.5229064362460957
0.46979644229927303 0.6455053201077893 0.28221610450622203
0.34582948202669256 0.6600269509375835 0.7579210380929469
0.11835628756345085 0.046320977393208666 0.12203942377274604
0.4389386754714934 0.6139970456582683 0.30699201242355756
0.7070750864889926 0.7030447719769403 0.6659926860610832
0.5177551790251651 0.7517508647654182 0.7912933917185847
0.6522677578410045 0.06634973372267074 0.8172918904631463
0.027772859483188805 0.8626619048601112 0.304540453332466
0.39283290348930316 0.8034415710023624 0.41926058987631554
0.5747961999787362 0.5051153999180011 0.8229352398249944
0.14542678013815336 0.5154229667737722 0.15663214050570412
0.40847955448156414 0.6191121947996658 0.004166842989476838
0.036335819337016864 0.4367644673990675 0.35219409956356273
0.25932297814172994 0.2460085452488554 0.04594218162895699
0.4382924077289161 0.7786100897843455 0.01574794310284876
0.6989993700800655 0.719504645049072 0.20775784201783562
0.26511023795595734 0.21853691977246772 0.6055292673617527
0.48005577618226863 0.14170726010925233 0.8528959103738116
0.5476325725897018 0.6628515424455327 0.07108449476051902
0.00915488902723295 0.3680376678376588 0.8085845304219436
0.7612332592758598 0.5228137490699011 0.8658466642454482
0.7678503461081436 0.2543978341043807 0.3146430863480099
0.7505262908844766 0.28554703148907135 0.788096529426087
0.6678721346116974 0.8664994815811324 0.31484919971797026
0.8018132717152587 0.23775087319191807 0.03003705281919965
0.6941904948442001 0.5585350864933828 0.8731157342899616
0.8935375724696488 0.1300453363077261 0.21542812107279863
0.25653542682820457 0.5788325286295637 0.45822297652489447
0.3321335740341071 0.30739839385283657 0.225100289168655
0.49579872845327266 0.5773228613268863 0.39282325893528636
0.6099150239860902 0.7401875674955198 0.15745168164954212
0.6394089581552153 0.8611853652492039 0.47555920963198905
0.550261549402023 0.7823081093159493 0.011086217198902048
0.8911128901196013 0.06439381659875561 0.691951196255397
0.7641327118559543 0.7106163446641168 0.8921060893875825
0.7563664041206406 0.36450164475825575 0.5182426093527606
0.03898404245227859 0.06814498059828256 0.1989622887317398
0.35130582847443087 0.1838005005744045 0.20425662813707596
0.06067937818390843 0.14718911368928403 0.6940469061381014
0.8417275633702808 0.12397930521451922 0.2222064907617937
0.7283073198926978 0.7431154718180065 0.5171841888777782
0.34401555846739273 0.7311325976516251 0.16354948463283955
0.3311501023575562 0.7671172765324508 0.5970555306165407
0.184773463300883 0.2888746891408537 0.43938518625988643
0.536350101787684 0.14050333543032953 0.42665990781990015
0.5047793134504854 0.7776925557767962 0.5424383156706972
0.05081264938236013 0.11557663638914076 0.782172403794407
0.4642540695529096 0.442374756271301 0.8521750494940328
0.23761799631850083 0.3894804288634581 0.36451596175242085
0.33038971262481903 0.06446631265508529 0.6440127122721668
0.7233790441648439 0.7218215401645045 0.7991053504862855
0.4857145474179758 0.668062384542728 0.24739611949297505
0.7419941335224595 0.8185756837709406 0.6963248613211347
0.6077423466017822 0.8612308449546153 0.44617997395433684
0.7662029928623265 0.44514026429796877 0.8741345550420634
0.5952593890366987 0.8884298465915605 0.23975205286946893
0.03824905244806657 0.43443621771102037 0.8795884839810385
0.5411294556857069 0.09927645089835506 0.2826217300214889
0.050019022540521096 0.2804162684535557 0.4603164185317658
0.5212064840481639 0.40967145224525037 0.22845007769511247
0.5479790753768997 0.20505094458245615 0.3907989643575392
0.8581834345945231 0.49321909924142115 0.8703929594045646
0.04565379622381171 0.345400283259906 0.7688060477934462
0.10289525983308098 0.023275928957340052 0.19544024900436982
0.5265162431803406 0.7348033447538798 0.44612915373765555
0.239532272635941 0.34665886943807517 0.8713509628316403
0.6822536300900759 0.47601634660391695 0.17399724613933573
0.02455883234985995 0.7326961900435747 0.11985826789987312
0.1976216010196912 0.17276240500737136 0.6489009818624963
0.17661877779608662 0.22145003576880135 0.20925747047387255
0.3430383434726171 0.617796230670099 0.226554345893931
0.37768996489656265 0.7276897663905753 0.24025428687277886
0.6933756504318221 0.020859341469590766 0.0592230798375129
0.664366693721481 0.8131233383704277 0.24647982475768318
0.5593064156603258 0.4433315847003612 0.15863539893838452
0.8205015486452425 0.03584004408336584 0.5810245784159125
0.8727539263405064 0.5114021829912795 0.37124073804775815
0.312725444326273 0.5326944162129938 0.3813534100389926
0.4780460392965634 0.30887530029045923 0.8927761345357524
0.7061010448512043 0.5255485287611976 0.17305087376173736
0.1085379287674002 0.7793827325868317 0.09202760978553234
0.2791532996160929 0.57888887311881 0.8597964434225928
0.04748982860077575 0.8844242763163787 0.38800738938794155
0.17568934536921343 0.811326612088319 0.5480738963674854
0.5012301036740183 0.10324090975814021 0.06426301774558434
0.6321541474230908 0.3599925491099627 0.22729169888152218
0.44394185880791065 0.6442043580960429 0.2842058605127955
0.7530715718250259 0.6824728269764887 0.43894577221315384
0.7385721441041347 0.43954013482930226 0.7524813024739829
0.42967223551752043 0.3488756339279767 0.6017213144285529
0.46254176862876495 0.03723579322865019 0.8394896797496743
0.30629025002778887 0.8541019716851423 0.602929203628532
0.1915450391466402 0.8988979199844589 0.47740718096444273
0.6103033468070793 0.42650203332065706 0.4145587553733686
0.37121750510922713 0.45616039396671715 0.40510762331456374
0.5644899638851872 0.026980338931982772 0.48802827478466815
0.8491138428810098 0.6600172715640913 0.6313073890080295
0.4464296480479593 0.877432038685307 0.43376496910593687
0.8665732235386833 0.2106007851592406 0.36599199647168995
0.7653995590208773 0.48750818892558423 0.02045591520025759
0.7480781348439864 0.06395085447361065 0.40384322272514284
0.5514431998655492 0.0739547632630964 0.384525029720128
0.5805685297443627 0.2396553093775262 0.01442437226808183
0.0029285590507407977 0.09807454189783782 0.2464215918094375
0.382073740137329 0.6964562827467232 0.3858530574508764
0.20039619510037415 0.6259887571212631 0.5627400517118141
0.7201096724765087 0.6339044859092879 0.8596130551911128
0.30299629727805866 0.8644719647376394 0.33206783994249256
0.8607674734627973 0.11667689190868359 0.7462382172305954
0.49196962587905885 0.23617786809531013 0.22595860543279409
0.0014505536062985104 0.4336052774821484 0.1199382838118435
0.4416614897429567 0.10369998424832085 0.7484421457631775
0.09361309437077446 0.47067657252278217 0.4448978372956217
0.33916908273362223 0.4441091160148431 0.42940795511216107
0.8874817544718782 0.6214969628008199 0.8974877581891988
0.20117982097643825 0.7578126281151846 0.4989787709310619
0.6478242992135145 0.8102576872532701 0.2549296810214031
0.8635317015922181 0.3136908566957731 0.25586630287139056
0.0034694084596815222 0.823869932824939 0.3668172144879239
0.7290029655921224 0.8938466064520582 0.4164603242940854
0.2829785215328059 0.6591778615668928 0.0638861705652508
0.3607095222291266 0.579660006313351 0.0005376252840762375
0.2093732239773634 0.5248411271660752 0.653268496904473
0.16091925914145275 0.17525435136109557 0.7380409459914189
0.42446287705981356 0.6802782490847991 0.6112075579040506
0.43127273666774524 0.21902890626306754 0.09075000045562125
0.3774767080504186 0.07597692787168601 0.5529254403334052
0.3228989589110913 0.6576548684015608 0.6431195093162987
0.10164335926868062 0.1939060395586262 0.7171910691604344
0.7728814183309172 0.5106135031988986 0.6658938172104337
0.08009729578189632 0.5721769801019629 0.7021933828756067
0.18122484607547099 0.0840681720144178 0.6286903955838842
0.8447747106156143 0.05463824080972509 0.25065756636857006
0.13720792487626196 0.33531008993581307 0.22105793317035843
0.7083116323348989 0.598566690723333 0.5668523629425272
0.8156543745617013 0.8722294097434987 0.4947937935064369
0.7287808743719424 0.6368288522395961 0.4290546647359034
0.4853698692347134 0.6597554711518516 0.5306140655898944
0.381917130112625 0.8331712580861694 0.8656788268169145
0.7628066647705773 0.4024005298748147 0.1769157854109775
0.1979274377829212 0.14685193113794637 0.2617879216228143
0.17280868757298037 0.5927150712374499 0.005830241880785625
0.8258254748683291 0.7128334391157881 0.774683687912375
0.4941505722145692 0.15809167687276077 0.1610407304622931
0.6827110831560792 0.6505836390837302 0.7887117699920377
0.3523931498908332 0.7679011220338214 0.10326503018749636
0.865383331354824 0.4570407180111025 0.7998716136456347
0.16006641292588406 0.10811434031506667 0.8068014828737279
0.7575627333008476 0.27296051924174786 0.31867949325952066
0.4542762859801372 0.8317181418698547 0.6854333233652927
0.7522317654787618 0.10844880363340366 0.8064605743585458
0.5495500428770851 0.4379407272105607 0.12804736656644525
0.8709956138891602 0.8897621440027724 0.1426101249122079
0.29197052074938873 0.3349605316172261 0.664995630735929
0.30465746740168315 0.8301778551663543 0.17384776250639336
0.05609039840597846 0.5887557476614387 0.38173488409608086
0.6212326510585289 0.5283751087809911 0.11821976403237826
0.27597098724436464 0.4093837427481344 0.06682327304003031
0.40462743082390407 0.6322247256098202 0.1267672369014557
0.7186874145620246 0.47622471399751753 0.10424416424818173
0.40710173294734026 0.18183474487589477 0.8133008618750833
0.4958473726624602 0.6959003085905544 0.16383774475373608
0.270243029765053 0.02641051579009589 0.058317286255514446
0.6311806684562609 0.5669112454886711 0.4707338264858429
0.35990177481476365 0.5647213785822349 0.39376274959251095
0.2977553735524451 0.3225115233310372 0.8060877119387996
0.41697254204399914 0.0008806285941440062 0.8436620351871517
0.39503828768674776 0.8566724092004767 0.6742007459622543
0.8240694733964301 0.7897633674449502 0.10116141478014339
0.6772900087667696 0.3943577188460722 0.5538805513924507
0.07842995550065501 0.05480083265964263 0.8427444813160285
0.03423567813860713 0.8809630159479551 0.8319824161548989
0.44533287013041933 0.5566689893760862 0.407525112524803
0.5454692493104425 0.3761282976639167 0.3450001831128962
0.322146203425001 0.8803551465148289 0.20209748787613174
0.7025521477099009 0.2295081161252329 0.17942746539366022
0.007302154831672958 0.5903967376614558 0.6643882318483221
0.7670547478923267 0.20745966544643296 0.03802192508427387
0.4813637904516508 0.03282589602329288 0.4404292917059385
0.313923484727193 0.7189413635794321 0.4292796116104974
0.7547461990773942 0.2036223123689863 0.010373017817746289
0.33490683116356657 0.371702281170638 0.626116747793316
0.8177089330682428 0.13741655929124977 0.4487249584225162
0.11738916684399818 0.24077357834122912 0.31458337692200056
0.47399206090059787 0.6044093158642062 0.6449285436530253
0.5785069300460162 0.11036922307533813 0.6609900170830563
0.1926249519354566 0.7304611847555835 0.5876632541255433
0.7201813854436792 0.8596780681893584 0.130570060555479
0.4633154744396956 0.2095535681239667 0.8645843238700156
0.7141974357508704 0.08512561069879675 0.079998823541753
0.8368579858073897 0.4405102221096199 0.2759308404290242
0.6856249448145934 0.4769002847818339 0.21566619925579367
0.8699033226250803 0.009544348233121714 0.8482312986139245
0.7797677278470128 0.5725583012688893 0.45194173319399344
0.4440363733630713 0.6422901605517503 0.15641115790863178
0.5006444126565838 0.3637833902297144 0.787671393889333
0.18470350927501125 0.042932732261632515 0.1349269068456841
0.589220310263452 0.6681268327998802 0.3727600499546395
0.5299199086006635 0.4193494181194893 0.8077022657090049
0.7487166576393687 0.1647994555749072 0.4016986482775379
0.6371962698141576 0.6152390693009978 0.5796005722352486
0.7817299849261522 0.5995868974307204 0.06863398769719282
0.1514894303873432 0.7391630019496045 0.20065242513243262
0.6791702816899148 0.291421222451402 0.7193701535180044
0.6880878055509021 0.7712931704487606 0.8550741127929932
0.8475469264014209 0.2174964826975908 0.09123894950859744
0.08133322105151915 0.03617017482497494 0.41566071694650913
0.1030034448278299 0.8054276321982514 0.6745146776127663
0.13447946714609382 0.18383665661371343 0.4664826052415073
0.8845177968329901 0.31968463488614657 0.7863071306348504
0.8439714935746117 0.3578622429162814 0.5062093648204662
0.0907166100024811 0.08055329746190455 0.14061014540015732
0.08650824262590255 0.7808005132038521 0.23098506003720115
0.42184969468477795 0.6004470391897605 0.6979866641204571
0.1453498846254117 0.29146986020212473 0.5771624932201942
0.24743227290168363 0.33713198330521604 0.8313129240551487
0.6926011491848135 0.03572932871091494 0.43919714162233425
0.8065028954268213 0.5370313381209939 0.3122424417509943
0.1113978108522772 0.07277066867915256 0.7679481471167502
0.44482495482002304 0.8407187838895139 0.44523201237265386
0.8540682616583487 0.3529550546666924 0.0888929419817767
0.6291991145512402 0.8304424254369819 0.24510712512493774
0.00018843613486085875 0.4337210267108259 0.312133093908568
0.8484019145838037 0.06562314840244439 0.3183781051147837
0.6046544385549609 0.34025733815256076 0.027032611123652916
0.25798361650007934 0.18637517372102264 0.3824023282218421
0.8244158471437752 0.6842447576572983 0.1523531900729403
0.871247283150547 0.08082605434848644 0.5220354134035606
0.6438232931428123 0.8878727797540628 0.31065394650338585
0.5887988256017327 0.3732000843739529 0.6312628994196798
0.2821282200629774 0.06954318405930496 0.028164265447627537
0.414894459502299 0.8051618544316407 0.04478953992453764
0.5735320888074278 0.5523713427576913 0.4789488564767868
0.025038117191200505 0.3985286997928508 0.2547940188244873
0.5279107884005574 0.19112875060556064 0.4813436860114483
0.2775912516578039 0.3345562495815884 0.11021240798192625
0.8820534178430229 0.7142799515227908 0.17444336643818883
0.22263537815531695 0.6131238518511556 0.043101873220376896
0.22505153949492507 0.8321929317715012 0.5659742109372164
0.6388968289831904 0.6041183013679092 0.6615786191224344
0.07618082106418651 0.3622325145914968 0.5807131774379162
0.46909415592833326 0.18732234100997913 0.7496274690987578
0.10310010698248664 0.2770185621676707 0.7491105364093742
0.1415049384234857 0.434244797607316 0.20261865077716662
0.4785279922897932 0.2909692380470642 0.12154960625113273
0.7234163305595762 0.4083255008368207 0.30242887228138127
0.28850829084479873 0.7053039800414777 0.55250094458565
0.11888742381566164 0.20295259981917999 0.2065512857665156
0.18282054498457231 0.4416408366448355 0.05222901902416358
0.3939325365895803 0.845824308796306 0.03053183078301126
0.4804860011099511 0.2819645789538265 0.7268517456813768
0.8468830122241936 0.7722379178197856 0.48344858971849214
0.38025057858168076 0.5895343004278617 0.6677151040167093
0.8516229384321984 0.4725221263270527 0.32620669975333444
0.8430081019160744 0.19781327781210428 0.6277789108381969
0.5703832421841056 0.24984856767724983 0.7585282756539143
0.4157377595996645 0.48506616032528677 0.4873678998256708
0.6908395944877196 0.6878109787734173 0.39603892288184667
0.7607618607909372 0.30826125658037634 0.3960089621244705
0.14359409031814463 0.5139370959595476 0.2791303241235447
0.14623763735167433 0.5972463162002288 0.6606565540177608
0.2603894044850514 0.5067361174665879 0.6000854296846333
0.31112245185252246 0.703310010439481 0.009224360304798774
0.8962490188178839 0.701461608641789 0.6193989011320322
0.5263607423367196 0.06714422243677443 0.20613192225823027
0.12626971254224498 0.47897780509356 0.30786466892318987
0.5055809798416675 0.4371764405973034 0.4104698829328144
0.39502291494019015 0.8181572280820878 0.1949478637153706
0.5372568437552553 0.8830403328114967 0.46584424338175234
0.007828060641275425 0.657150366348271 0.1818020910009145
0.13938220007506227 0.7950541559290986 0.6444844599816577
0.6195349729546814 0.592161191816246 0.40262887278054427
0.6612882683233763 0.797988291825062 0.7579726165824915
0.16653625127395352 0.17408365747975071 0.12427835512794058
0.0039902694509711956 0.4455186883565784 0.5259148384553638
0.562187442262351 0.7845032038207549 0.20427479757863565
0.4889408799756599 0.10149159073409127 0.22161849037566492
0.45239370209625246 0.7386735204071495 0.22751028254036118
0.5754961340435999 0.30563442675605107 0.2040050627565567
0.02935068942513901 0.12964841084503004 0.5183429019669323
0.8899920795574985 0.031398712022918385 0.37244640711613686
0.5737622041729448 0.6701417101818954 0.5653485919941416
0.7572175601820863 0.5007892972531767 0.2249950616926228
0.03916538587198365 0.6330330844765001 0.38903187550300466
0.8880141231299616 0.3913558675209116 0.486754626501001
0.6756647458383415 0.03020974258859438 0.4796343388825349
0.06066916761905301 0.23149948399243434 0.1834747049406646
0.24222751485353397 0.7440809958333011 0.20417870268650976
0.1686694684375698 0.7646817469276496 0.35134505050526166
0.6350678201680415 0.4961644217001494 0.4416028719724427
0.08329051715167957 0.6810392371064893 0.8885854383399473
0.5735632014198447 0.37215176843247727 0.17763614921153828
0.10155617993860447 0.8346779176236323 0.6144309185058802
0.34680344778191835 0.3067965124272544 0.44733726361606785
0.3742021318307169 0.20775679265630015 0.19793989953755262
0.5037348820516375 0.05908970541088012 0.8043412900885318
0.1821941173365824 0.3994105985132349 0.21746721440300887
0.3744557551057864 0.764175050779121 0.3489928614189565
0.7201315140805341 0.05778061060903377 0.7722007787747956
0.5599298240316156 0.618293733893992 0.4516328529958986
0.6729026583572065 0.4447376117581586 0.011640757115586443
0.4904903994307462 0.5931459751315574 0.22500424623719426
0.7520386826238539 0.4011898634002446 0.00627620437625237
0.30805205573908 0.355443109678636 0.5568099740220059
0.5435840024718558 0.13701218570946172 0.23430587214260903
0.8082651533988277 0.7094422593431896 0.6460543754361631
0.4268770595932927 0.6160041009070266 0.0975183161250679
0.5128423279866657 0.6210590529648505 0.18654670915726998
0.8105177152549092 0.009611624100633888 0.5786462371604945
0.5974242356183505 0.40894588655663944 0.7642769588804925
0.468274940506618 0.4582456999740613 0.7497859909827369
0.6797193975327687 0.2990010657053084 0.7976874888802414
0.5677710143208369 0.19659975469292026 0.4975672764534479
0.860216180329016 0.1484566297261228 0.6472575695589815
0.1777709600939096 0.5017829254662743 0.6301620297421254
0.6716890058584104 0.7033267674716248 0.7381187948605024
0.5564483338951487 0.31929499044526855 0.20336443457495268
0.16854829311364283 0.44693398313261135 0.4348784350444557
0.1611129725868338 0.6718913161301797 0.2758755623815492
0.24120412326300625 0.47662729657813174 0.6000937294274621
0.6576647419179843 0.5862660558095383 0.640399157962162
0.5477672179062929 0.38776653380242815 0.21919246971157536
0.2685380514955491 0.3853263859874206 0.03941036746035124
0.2614234185425826 0.7718598489427421 0.8709088447341667
0.3043523404958248 0.6346369849485956 0.6025826162195854
0.6118048000298003 0.39247816504446414 0.4219770107124407
0.6953504885826335 0.4909186716172842 0.7485108058127048
0.060249175917454226 0.0881811536916042 0.5591915357705072
0.7772516121647256 0.2524687979878549 0.7383575744427148
0.0365060958444889 0.8111046632010923 0.8029515244393257
0.29524924521279855 0.34808388187532435 0.6363830249219778
0.6611660551033729 0.4853823818558053 0.4616934216124813
0.16594280474381387 0.1907365290001857 0.14867024442869814
0.7273707072976731 0.016846720356567948 0.5706251998489672
0.5727456212615346 0.040659906026582336 0.7144912864979245
0.8519613536658919 0.00326889635788824 0.4357195889948016
0.23077380459987437 0.7164920983426996 0.6472170160999269
0.11262885648704712 0.49322564848272515 0.6007318372979901
0.6988684885637994 0.5293607253436692 0.8552598938592532
0.8711727818068863 0.23137620743189907 0.5291130220650778
0.8803424940061739 0.7965215501426993 0.3243394013506013
0.6151170724582826 0.7889221086205414 0.6770141710769852
0.4002166462662683 0.2677288256851599 0.29455228252691007
0.6441765504835277 0.5045537884634665 0.5809962141044579
0.3499520593122015 0.17313642490647008 0.42590445980144415
0.04592486497358855 0.3283706764454126 0.855154062247821
0.5590316098680598 0.6442811612094214 0.4695562269146361
0.8849276606231933 0.8899861190117139 0.08713004060120946
0.6227319628334292 0.564547683286673 0.2336679326942088
0.27780210727381666 0.23025431453893125 0.15644800251246058
0.5926151424739631 0.22105435808122362 0.29175132263890236
0.6024783784393158 0.6947617667367562 0.07621103942766301
0.5955731153224196 0.4746835611526602 0.8281398805771508
0.06308900442180776 0.06327646182681126 0.7171169916386027
0.7519908358529446 0.06914318950564631 0.1906456395751424
0.08992004494432312 0.4207275822582077 0.866054946132334
0.6423029695870269 0.8513097245565343 0.47500778384293024
0.6225620557658635 0.4262034118581335 0.795967943682217
0.8432043589552017 0.13909737613143458 0.10158147553067605
0.2671508662709434 0.6489564186798662 0.1535189546331178
0.4692763391239627 0.6047736638319516 0.6557889934254937
0.009380801256945194 0.629318198080878 0.547783702508414
0.19610913674661282 0.5748944377796865 0.38302340611955765
0.27659560753329726 0.3611550262695826 0.5546197450754164
0.7354713573876117 0.7144474989201374 0.5820421721890825
0.18811961095012378 0.32074488006722307 0.5465794284144773
0.8494700180975294 0.3255950009500027 0.03420451767593987
0.6255526799444805 0.8801662701823838 0.28365470961225064
0.6769200659015197 0.14027436781433658 0.7088065008680965
