0.8534948687433613 0.7826119729913594 0.5453024753528148
0.38788513246197337 0.2105497621242036 0.14415368560006975
0.3992703731978578 0.8731820371218145 0.39259555646594974
0.16071985798991925 0.745988332192554 0.7219738190640641
0.2639054837868475 0.3974647163010846 0.08768757992108717
0.5943386648965936 0.14138553084614502 0.23617371614961888
0.6492659696064996 0.4252985362853488 0.8407587762069554
0.8981731799681998 0.7541587089884266 0.1195074494424499
0.8697749087787694 0.00039273562555074414 0.710294551474221
0.7502734292536053 0.6010670645119023 0.3318488053886847
0.14329004128589048 0.5753616209074978 0.6393202449834267
0.028812300297382364 0.09754391986853428 0.11927903710455477
0.5097546545253008 0.755499218897986 0.3313078320746321
0.2210812015337671 0.24464943846260026 0.03800873800636732
0.22389340687088483 0.533985434261794 0.16524344022911347
0.0635398752462064 0.2713582550042066 0.44751273831600524
0.299016568268186 0.7420398857517216 0.14837051520266892
0.6761476972590299 0.4716736411374294 0.6928424665963315
0.4438465120446299 0.1243477616453088 0.5421068544300782
0.2554399396297662 0.6046548058920994 0.2202843795470158
0.1348303383380429 0.4407801148451617 0.8931082865004677
0.5476540826646982 0.4902939916871675 0.6168016874919848
0.6272249566144439 0.20174810167465176 0.2542143248855635
0.31929695104910283 0.2748291360856933 0.5291190508847271
0.4634411706001192 0.8310376928812356 0.8666919207845623
0.06694479147460687 0.8557433232990802 0.13435114721454683
0.10145179137901708 0.35523439515944427 0.10404608200521569
0.3605617983528375 0.40661022995417073 0.6759663291632777
0.40070321898958156 0.0752215486536607 0.7807973477060827
0.25352543650587656 0.054948402167739475 0.42500468479571396
0.023600247922537933 0.8581364445407695 0.20954673057602086
0.49133259178883576 0.6181147236614418 0.6116747564211755
0.8368611623792832 0.09247541094557397 0.19879383450751248
0.696055147864378 0.7696408480742337 0.7227363659927248
0.8544976589098826 0.30467098866272097 0.20367556190985744
0.08988018468934361 0.4316139121109873 0.1656017616290174
0.5844982309176354 0.3180121338285121 0.7036191221325265
0.24776232594413372 0.4981341112294392 0.043649004547506254
0.7282431350905538 0.3078131825397236 0.36776448922631827
0.4526280554799282 0.0011544209529988248 0.05557374516727994
0.15614794176960348 0.543571494715125 0.7260051421314323
0.0856783234140404 0.6579723157693759 0.16010108742210147
0.3396507971252944 0.7397994327744937 0.3270543570463713
0.26490400177444784 0.3387896004481835 0.6937668745897374
0.09158691385613614 0.6113334545290082 0.4470667646424705
0.8728819932293591 0.38268776604267407 0.8298709262522017
0.6264047059494298 0.7245899040581684 0.586860145031767
0.7409955473400393 0.6014920241545086 0.7880796038563948
0.025681625343666626 0.4249029835247126 0.7519700145593097
0.11615065767438479 0.5091723381072258 0.11886859406639913
0.7361299785392204 0.08386431152596828 0.7966783229618902
0.7530378237054606 0.27909633421687535 0.5180938811991119
0.5641416582220161 0.30305537027324236 0.4392804180176997
0.7366440990343696 0.11928641163521571 0.6466790077062237
0.07126272146816144 0.18940370685385158 0.22327261661069447
0.466172583925148 0.2418356172972553 0.20853913334972254
0.07847228665032008 0.15586449183037646 0.32157071721963026
0.2034300457894518 0.8656718248033757 0.17491405332111185
0.16357882393081138 0.23854553472780096 0.686783408943176
0.5516066622737213 0.3072140493207633 0.5359908858395871
0.43806295804297907 0.7383310835136871 0.7094986081957793
0.7969119409407246 0.30307031474885565 0.7746371901131781
0.542011226228276 0.333856453758784 0.7166008025075304
0.463184208734165 0.10451128457159461 0.5824627676724521
0.08877416478202277 0.2368412263717112 0.0990695370282768
0.16492089165607218 0.38615485734664967 0.10686973221732196
0.25544734589743323 0.03865275148597327 0.34082661473995446
0.6290853822864091 0.01181229127628034 0.4490107946461645
0.8624428785693584 0.5489172424921762 0.6630533313729878
0.5931662223012546 0.7539014712084343 0.7253229172278765
0.3832361666827477 0.6595824260501062 0.2355554104188656
0.10652196319180132 0.7137432215460118 0.309635870942644
0.8125124637931508 0.4774116731391317 0.8669985764193008
0.8981710950021415 0.026741100031117616 0.5179362825461068
0.23806045557574426 0.32773161102977205 0.5187096050892308
0.2497690849305366 0.047593962127425275 0.15422491514109707
0.04363590149191291 0.7850168244193744 0.6365675200293333
0.41293359054555473 0.32453475165373996 0.4714918038102303
0.651696762451918 0.7554004577780851 0.5371765012032621
0.8658734177286034 0.7818803944464604 0.24908408255367162
0.15461136142800594 0.4771514807017693 0.4049388639963016
0.45300769431955507 0.7049035575465242 0.11024552498152937
0.6296609468357867 0.6187983497391176 0.6536152345649758
0.6894028260796248 0.06463675796041082 0.8490507101275148
0.6512296184266166 0.12778154112530926 0.6892553821158749
0.14840642461476236 0.45266208550735926 0.8861532587172104
0.5163293845326596 0.6650589908942521 0.4264054821181789
0.6182271950534199 0.862257078108858 0.5339320772412265
0.33679310629927633 0.4131557208769622 0.23585210457753977
0.8548197317754334 0.503256270002189 0.22268167886623394
0.09920745057270479 0.2631926225799647 0.22505499690055236
0.6218427765747324 0.07829411965983707 0.4129001658494814
0.5348587873802522 0.13204760684009234 0.18505091413976135
0.04801290308818392 0.6249228603639223 0.8146037395153788
0.7638353679880816 0.48232894109271185 0.1862975795252918
0.696982046904845 0.36833555497988185 0.5527985129951815
0.8038175416943089 0.3084676247849528 0.17484408426948356
0.5532173595561404 0.2896728203431793 0.7527507193504592
0.3732788032484917 0.45442541801823505 0.5124851753765822
0.16304562680581594 0.4421710208661494 0.4362386816590122
0.5886391059516577 0.42007900353297134 0.8528119246519936
0.5802497299632877 0.6301615065498941 0.6026283763368095
0.5676526195349141 0.09041405972170617 0.48860238198761824
0.589245952742458 0.7160374451524288 0.43485000810515195
0.5527719232337734 0.6961881867969167 0.8124193621050791
0.2762806966404034 0.40602008413111046 0.34660537364440525
0.1302390183736542 0.5099955466343402 0.06464695762321188
0.0726992440837054 0.26322704212797543 0.35551330864053615
0.4299204519355977 0.6917635567728405 0.5127649943920184
0.3033770385914867 0.012408720094330916 0.597078917315515
0.3616804584246478 0.31971425212953 0.6734928770259034
0.16873375549625516 0.00552796927366257 0.8620104870650727
0.5286371615184429 0.227240690148395 0.0843889196690568
0.553774380193212 0.45990532432379805 0.13525227523405373
0.013905823022882813 0.013803608916895005 0.5477531021707196
0.7602238059278064 0.1754259683334301 0.5967749318244028
0.19173449628553996 0.7868584001899541 0.7482572751831833
0.7634880385050304 0.3503256131281209 0.5289882700830175
0.5625611769636089 0.2577063843957533 0.059976470557600116
0.04208833625384941 0.07969823038306027 0.3357506792787493
0.06712522246906227 0.26058094327833914 0.8019514969136946
0.3423638953583719 0.4131937032686635 0.27357613962837174
0.7207109252688024 0.6247817153743622 0.42430314700446925
0.3449270015522865 0.6384949783855094 0.7786135626953163
0.8171591107301023 0.48058627997487663 0.34549728612638075
0.8985323204731641 0.1954923411055001 0.3935064089213383
0.7355656744576319 0.1792136003136274 0.8878605210446292
0.058919033993928574 0.33905301507377184 0.39145821846188744
0.3029354368078929 0.19418392264627454 0.7439918916478416
0.8557608983989262 0.8515488091682071 0.4154239623128476
0.35189237310737165 0.45020021682081435 0.4151730349153171
0.586091518318821 0.10596793574754572 0.7242314972096614
0.8187160785857356 0.7615639587823215 0.8833239235595345
0.25974729419830006 0.25787810316945825 0.6639932132889861
0.5773364101406491 0.4051507211460201 0.8530310616699446
0.5282854457345894 0.4802441654004681 0.6956918036060274
0.38418693215278527 0.6171232315439786 0.47526855119788003
0.7928811714700112 0.6036402731050321 0.40333901010359713
0.6818674956251809 0.4753260943582065 0.2311129286092322
0.336479666144604 0.016939680347391985 0.595608572088167
0.37112027408109827 0.3271157567495008 0.5107604123349044
0.49572964729532715 0.49155457161678207 0.6518005631290525
0.31068746483002346 0.3888053033160713 0.11931832470851687
0.03675458258793377 0.5121112709338419 0.5549435903138782
0.2885767746513747 0.8218728862590136 0.18840417073627158
0.31276937170301783 0.4519866048216406 0.5198547244158076
0.5406043533652282 0.29228930239121936 0.6060064033091647
0.6254661540970554 0.2734336977980315 0.7186314826747494
0.8013774338404372 0.3351678110978695 0.6728219753129818
0.3340355429945884 0.682188988555909 0.5940183098886218
0.202982334571579 0.46944093735175607 0.8977998792882463
0.5967309326141741 0.15404990389272158 0.20126413787877767
0.2082879956499545 0.6375513242692847 0.21579036853757597
0.7914606135389274 0.4238953523734765 0.5854649616184213
0.7288066456334196 0.22541987386035003 0.379718936961237
0.26898201838856506 0.15413864790091403 0.1281933535517064
0.20773789316568084 0.31578028732618557 0.6172750758762252
0.29993759784453483 0.5123180224833653 0.43003211423095516
0.2971843404945853 0.41024373529083125 0.682131530157489
0.49305106856527364 0.1582255236605714 0.6605513170992594
0.2502760545809044 0.7589562280053406 0.015610378869146803
0.7962827179088714 0.1248609751543593 0.40030813777792545
0.24433190693525733 0.8898784199941425 0.2784846957388539
0.6093685692713438 0.2489232324912505 0.2422306719613829
0.7472661629519541 0.7078948387122358 0.12294105348929375
0.4758495152841923 0.8273078447317613 0.7490507570093216
0.21426589099755025 0.2882015398915187 0.7941080235101388
0.6726843647220775 0.826441550381908 0.33495615550546315
0.11112322247427468 0.009673152899572624 0.030312050631518216
0.1996939514218354 0.022862100989647537 0.1588500018421845
0.27683529572942384 0.2088758015824381 0.47318026529724816
0.04259864022182375 0.3901645696756463 0.40523870050194066
0.775347313783626 0.33128002454892375 0.7073116720142538
0.6443558631071211 0.5694440710994537 0.41079070535985096
0.2222739387086682 0.25157406880837413 0.2633699549904264
0.08922149638815007 0.3359325414832039 0.781515219355146
0.64377729361016 0.03977533222783813 0.6781053074223552
0.20053596850845684 0.4412722023840515 0.5305255504910119
0.7154697892869697 0.794515585142359 0.7937859799630496
0.32633222599531614 0.4955696593888208 0.543535345383488
0.12877187491057007 0.10215221747189045 0.17009438121365716
0.7623984171102687 0.1592846332913788 0.1444920638569373
0.031535965425321444 0.6184069304103295 0.47887905859657526
0.10413482917828858 0.274718594045812 0.21162381900388372
0.5654636940440264 0.2664011967308839 0.8273316438259308
0.42847520426540325 0.2816517667370219 0.6959980249338116
0.07237721343927589 0.05244930803815536 0.4372144996500305
0.5913312210206323 0.7861298220501021 0.3554140791008921
0.3615105457093913 0.636783849007513 0.34256483924931513
0.7929585302253823 0.019701263759732125 0.5107250524368966
0.380403156538991 0.5720776976949726 0.10932620048427817
0.1031307479641385 0.7676234896414176 0.09724021958857847
0.8858157710187764 0.08307961620307927 0.7424290815531016
0.11491848576493972 0.313377122778508 0.061838632581481534
0.23687920216435934 0.775598165628182 0.7158569990859728
0.6927122861392453 0.865662073400179 0.10324534182309396
0.8162863863357899 0.036064536704411766 0.11422504756560707
0.15362508682859674 0.8884683284167195 0.3737942474359647
0.445872980141379 0.38421751581074964 0.8416440402292291
0.1439690401728158 0.5554518521539642 0.3987306087246312
0.6541731305187409 0.16611989761414586 0.5603024932245153
0.30510267624306636 0.128290988166703 0.677807622506835
0.8587427944892485 0.05490340385619526 0.18706120898525105
0.8304962772462321 0.606374546479477 0.7383255877452986
0.35264454530001565 0.3355011708475933 0.558134450383187
0.8669333767609091 0.4260685621700686 0.8331030153269886
0.36135368316941124 0.6198854374748938 0.5089432851235577
0.1168544811582365 0.6739565189580524 0.5322179100547518
0.8159564553602004 0.7363116850390925 0.08568057007711948
0.5751525424152162 0.8542341892249599 0.27632808600913744
0.7130473015910272 0.40287551905436725 0.27924756128871797
0.15240403691890728 0.4797216883769972 0.09978633993183843
0.42667010398803634 0.03328192386859193 0.048784839645102294
0.4183191389840725 0.38767252703645244 0.30415272238228797
0.26760642781644584 0.2448227306326898 0.4710716472528605
0.597281167018859 0.4702926278064073 0.5253706096395229
0.7922457557939854 0.5116631419088762 0.4289442929386109
0.04531876434493367 0.7722866187637994 0.5153978766030586
0.5320664234652469 0.6613309395357376 0.7109742546914353
0.8721829376312916 0.24634144737662367 0.013087581314717567
0.4839762389271494 0.20963261317569767 0.4361061447962131
0.6857945141525412 0.16613367645759788 0.21439687125455148
0.6740251538786176 0.12314644896705283 0.6563353922439288
0.5938080605397235 0.7427528285857188 0.7669264963158362
0.8473685177083866 0.8650486766182508 0.24945489978461896
0.3485040760862442 0.30299183252730666 0.11849445516926578
0.1272619149023335 0.7073904905399883 0.34894404041566207
0.526263810825577 0.6044313822560646 0.12330230205337654
0.6387130760486052 0.07208589431707822 0.6648145672123353
0.36522461326189604 0.7230967620930628 0.37420108654519435
0.23261352646575043 0.7213573780554834 0.3440698908499631
0.34205039471934157 0.4173776174429436 0.3425016299680698
0.8441662004827276 0.3933565626658963 0.7801713729801496
0.8455252702802062 0.13087803084434657 0.24616036721628873
0.8575753897010455 0.018974635371648497 0.5145583343168905
0.0835265921772107 0.24299787290425787 0.3759798645102422
0.10846850111229363 0.5612457635679191 0.5803184807137188
0.17994263076405728 0.09390792105241264 0.4842829849400815
0.2628409274087832 0.615720992148049 0.11382598364540722
0.8763806484753285 0.7050979324558857 0.6756699512461225
0.6302636173086681 0.7314402851539772 0.021972312644365857
0.6062636257752542 0.693003807272296 0.28095467370488314
0.11458694658961287 0.29873564149191634 0.7838026059817848
0.4696787010308422 0.14270391903548824 0.43212339359652496
0.5652188475321304 0.017196898832490582 0.7008881739037263
0.5107186069153132 0.17824449984600924 0.3140826092884106
0.44754659373399697 0.1421731900012315 0.04685291155972809
0.6484373392306472 0.8890015728422338 0.1054293445442042
0.7618724606658982 0.20827221247346706 0.7101320771681857
0.5265426223543878 0.49304422663555914 0.5521204188352253
0.8261005825135473 0.5852333468302736 0.17040241502642398
0.11576026241427599 0.013502784808848135 0.8991640443999552
0.3445131763917393 0.6174763769331398 0.7095094819548485
0.5412220213972038 0.7574999172324822 0.39278618408299776
0.880851008674194 0.0893289271318122 0.36674938686365777
0.3723226481788732 0.7278903952120047 0.17422087723279386
0.22175878902119864 0.49512925257327217 0.3993731804651478
0.8877708534817318 0.6508866577516631 0.12759127062851755
0.6963670220336164 0.5206988923536845 0.7005071351927521
0.8058300967545009 0.34986613275681905 0.2260859335483841
0.17876289967556588 0.3025717256708891 0.69949405724008
0.8745114753401989 0.770656479816856 0.6483167469789308
0.4048844823286835 0.7491038594021417 0.5150425270549716
0.7707188084095875 0.027832691338552085 0.09277609085027698
0.19869435435754154 0.8896445858376539 0.34668881305113125
0.6515703009743091 0.2869182732672405 0.2624402449584514
0.2654989500530095 0.09253559882517375 0.8191278022696528
0.3154480686641565 0.2511645142134521 0.5878454588803564
0.14451585040432957 0.07971831497923826 0.05123565427729976
0.3116528656144439 0.34082620141114955 0.2975346965628023
0.06332972030123317 0.5674789376765798 0.4437643199588044
0.750872346080711 0.8545277476440656 0.12273180376427782
0.20268577140602545 0.6409558456135882 0.4701579579264624
0.12203498699581229 0.02115601234859046 0.6803633834517538
0.6123610600686409 0.7907919299158048 0.8516238253837188
0.05210500620278581 0.27350482875188004 0.38864184354963877
0.25307853665724583 0.8288319739326157 0.6446749918181899
0.20014487522045135 0.825591288229281 0.6995744349714235
0.2468833194586765 0.8656331787612558 0.4671870269559375
0.48846682875424824 0.20551146622922836 0.7762103894216368
0.6435975572507631 0.39010539426779844 0.780448884979127
0.2920146059127215 0.5655867175666364 0.32329668414184787
0.5600075575571695 0.8278789421956482 0.8205182974716646
0.4999666612837066 0.4766005586598032 0.15768269190102052
0.03346942737319727 0.8395065275815531 0.48993431753312056
0.19459442393277643 0.12809324225758853 0.6353257552561802
0.13253614890989318 0.4572679563569133 0.19155428100950397
0.25695810455057244 0.6880722453540796 0.2915792983229509
0.7950484603608395 0.5089508699745805 0.007255346461451695
0.6018225481372994 0.5069080505741974 0.2532725518008598
0.1464788153826281 0.4045096762303999 0.7861966476460376
0.2666675303330983 0.6447634174204009 0.6365448580658193
0.5680152956917244 0.6890005477638445 0.21653703078620282
0.785866902536692 0.19167011401462053 0.5822206789286444
0.5752195345193208 0.8652414670958621 0.2262004489891857
0.8021019590194887 0.0025082625551643535 0.4594614046354185
0.8261008945710746 0.8965079640371537 0.322917677567505
0.009104168570893734 0.638904220177498 0.8784016482798376
0.10000666977090772 0.7847897621086369 0.7733566853740474
0.3591622522970434 0.4889153870891082 0.6412811433803842
0.10165444702921204 0.7479499711713874 0.5111853214320988
0.23549374866878497 0.8113072116325849 0.09550237786574176
0.5355527944184306 0.8005781192051147 0.7355917877971108
0.07831744308727416 0.5933354138612766 0.43867527405163736
0.1647443778090399 0.7521608121651054 0.8464241637791451
0.28508468628726785 0.8461359139167145 0.09645248182223849
0.7971391401982111 0.4582034200689677 0.36468769336240486
0.01641606297457219 0.34611900894853853 0.04524140721901533
0.803913589518673 0.34456669649760685 0.43218693674290487
0.5000423581949599 0.42823014640795476 0.723455473358986
0.3407836271680136 0.11901504791546871 0.16140087928023833
0.6557353852582081 0.889461415920289 0.3096890597968797
0.010000634510460038 0.20861445125734357 0.11353135172682682
0.6406311155171839 0.27719020750441437 0.6424901987518139
0.6668398701232118 0.07924975308490263 0.5969032971518023
0.22335522292370782 0.446316901609122 0.5349774003423082
0.04818249472069831 0.42250911584737155 0.16522579914154473
0.4423085192489838 0.04553951878228021 0.3064404863210626
0.442587197757523 0.6242443824349887 0.3721568654983985
0.66300319729538 0.11205305548084889 0.8021941764899411
0.7332244319014776 0.265016912588811 0.8636196492118204
0.5934776949976158 0.7793641917730416 0.631748330873355
0.7914635350062074 0.024377815858990192 0.5987743516694848
0.2503915800415756 0.24476214277833844 0.7444126994739807
0.04430189210089571 0.4326637987104831 0.6922179817292884
0.39975999627058556 0.09600620688298721 0.5344509666981485
0.4767311595740348 0.04013130743799888 0.6128891026408351
0.014012767059440634 0.28374176446900135 0.8342555872446249
0.03561400699118803 0.6066470648927487 0.4862245945133148
0.382564492778449 0.09752243763145467 0.6880973185577355
0.7533057423615349 0.6310468044710833 0.10722320532678357
0.09799499252115555 0.2426408159385259 0.09463172715160098
0.8854415367416385 0.40082165306362244 0.6425094240232045
0.7301765868619813 0.15394793739077814 0.8267726583695854
0.5705689080800741 0.12860791976939007 0.815003783852933
0.598535482537858 0.14386359311738434 0.6522095721752839
0.41673372726237184 0.35892716959656157 0.5835748175047631
0.6491415214866649 0.7851294565688028 0.5179466535679114
0.7895663468563329 0.5778254424930835 0.7315409592718599
0.497863969717817 0.012210008863519873 0.5356120483531619
0.5295024841666058 0.4764264930306621 0.126648578354707
0.6433519464605807 0.48286671364031253 0.4252204193307309
0.6815027680143906 0.34220070338680875 0.31372898752583855
0.8171015655146987 0.0008634215408049207 0.296046762815624
0.6051572197568501 0.4357962080075256 0.33387728687246526
0.33813267217585086 0.5185022064780963 0.41711798766135433
0.4972523678287341 0.6442969756510005 0.3532623617672857
0.6588901946348449 0.5904882181423773 0.5666718497534599
0.010909627382471499 0.3089282345501263 0.3434593664936891
0.631178968182961 0.8925734258995329 0.8763506002672398
0.7666236162600326 0.3861438979663368 0.23074332274154485
0.8656780560357338 0.5973621717627493 0.2242611333256358
0.27243612268029344 0.572326609573515 0.3713736273973311
0.003559991234247917 0.7664820095195902 0.04186542212966101
0.34608542372741546 0.17702599225547155 0.5568813733845766
0.27288398355278387 0.7355206109543051 0.5936211148020653
0.19936142450860928 0.7499483383016396 0.5057286752276214
0.8912055231612666 0.3089314304960633 0.6699565210854009
0.16552307906234442 0.21171129525806417 0.17562989019751252
0.4860214725442781 0.5450972691686734 0.5120565781285271
0.21391789727873164 0.551227995070525 0.7897708465749097
0.47962682390365147 0.42022693099430886 0.7321223569792812
0.6225443246610347 0.688807328024439 0.3985900113473635
0.5151276661247007 0.6764761670758417 0.6400656114834015
0.0341336321259204 0.10361391641147574 0.4104179727731886
0.27011515150659415 0.3250490865154985 0.13084785531758775
0.17441012403005665 0.6401909914473444 0.15143031882450375
0.4465935835301424 0.5209942601977161 0.21326618738617356
0.31994150253181375 0.8967964417795242 0.8193906643267171
0.4967056843069698 0.8998240162100248 0.7329026740947999
0.03550477035722829 0.16487776692469755 0.8488337959773233
0.12782809239253673 0.02006988212245676 0.7099514162558226
0.3257009433576755 0.6358516521831773 0.5911893611876069
0.6831182494758605 0.6944115642701366 0.6601639183852847
0.6367975894657565 0.31819687429141413 0.829015727349096
0.8829588456129059 0.6193111896857874 0.285500200435838
0.5948381798131445 0.08901778935384733 0.6772046785581812
0.004876236697882563 0.18205406299542862 0.4012419135154504
0.38476900097031436 0.6924997173126157 0.7074594705095663
0.2582508144863157 0.5545089088489543 5.240555786962809e-05
0.045287825988094346 0.2100194022222182 0.8858820401588448
0.0186928918507551 0.3229776532532066 0.13144280076053527
0.754459713577171 0.02412432136729754 0.5235905809222559
0.6313747906813046 0.8658237976486786 0.5438184665734843
0.44864551907654365 0.6824480252912533 0.8962002433740721
0.23576420327354558 0.06545688988491102 0.4728934091648683
0.2865728960659003 0.0643782842446494 0.05150061537662861
0.3913151234410405 0.6249463408820519 0.21614022308491326
0.5519424050789716 0.2220085736185999 0.3043510698128962
0.45596517275572196 0.7899621621786799 0.5995392985052524
0.6044332108395604 0.394418941406287 0.30564092861888753
0.369134885146032 0.7095823354508577 0.5812426501439086
0.5097235909078377 0.39767352551312213 0.5356793701194797
0.051413985041110166 0.41191304048922645 0.5254462928289828
0.8607014087523326 0.7490675804411755 0.023548519304247895
0.11968876452075114 0.4228134473452351 0.24150928431601598
0.4756393891707887 0.4736781064308334 0.4301084902537682
0.41426798307651974 0.0012272856477437033 0.7668920104323124
0.244646745258382 0.24664532823605187 0.03711056291180698
0.2907072264468343 0.8323702638043534 0.8342439477298231
0.6965757963244825 0.5944367650745916 0.034547991359378194
0.09205844757295438 0.23759652007322637 0.1967638907887913
0.10038865294952085 0.018983094024567194 0.6681255007317729
0.734802896582918 0.4767405876839969 0.7623164236050811
0.6466997603808912 0.41749787269512845 0.34478888215838843
0.5493738131639245 0.6307939572832403 0.10216490773491617
0.5735116065058723 0.7717244860208166 0.7106688010361767
0.6416406397771255 0.4100117636275889 0.3744701514569104
0.8755150140697953 0.732327761097679 0.8239640111241042
0.2037598126741548 0.8974209890755562 0.5977553139283497
0.35282419798287745 0.11427071742155258 0.5634302382856156
0.44333856102974417 0.6269552743515758 0.50024955947445
0.17400044331327472 0.5750799106809844 0.35616544884335205
0.11405188696570935 0.6386869722473489 0.2409218630578252
0.06955679840028313 0.0702888416590437 0.289935386693717
0.5868308829805828 0.18333853808767686 0.554435068901555
0.5816047187137015 0.2874143127065746 0.005836722869319366
0.4834996442410091 0.10546833545947909 0.3580513815173488
0.40098650686210296 0.010235619977448785 0.44891994855563705
0.042267978506279925 0.5006858779995826 0.6293132423973914
0.3096638281880607 0.8832123469438299 0.8780578780310911
0.24450760220187306 0.7956032229162728 0.4056565797200608
0.4264945672738601 0.5910702199726716 0.8858387643780926
0.4369959155794997 0.3600754034354435 0.041226966578467465
0.6615396103595803 0.04389814351726229 0.6037058740589611
0.8564832527908028 0.05734964687101166 0.7557246919648143
0.09687643107087056 0.3307785145858774 0.8437684596804492
0.41649020592200836 0.11139743029515288 0.8565358777899467
0.3741368097409422 0.35741750860021304 0.1315604555023688
0.20727328416280685 0.7519227413877054 0.6807487483430087
0.2693042797129376 0.4441063884541308 0.23411475146217256
0.6380834799917489 0.20242590904180002 0.24290099038923088
0.6816313426626976 0.8557206454063638 0.6802198107170402
0.8285522984367605 0.32890660600440913 0.8833183021035187
0.17189744066797785 0.8653805719129132 0.08315563583108389
0.6678014213353859 0.8997522438765326 0.48037764690916823
0.2520964141278434 0.6580162373449097 0.8950526314991165
0.17762013100129756 0.846981412609079 0.030826668221485554
0.7289327519946719 0.16833421409691648 0.5768300319073675
0.2988131688804257 0.8362478026031825 0.7859203810491939
0.8938905630630989 0.4897124348129034 0.7334309451327957
0.367394185602004 0.5424961769934509 0.7344967166370918
0.6286535379271986 0.48854488784835337 0.7048899586039269
0.6380619844291792 0.34985055147873945 0.07279731472724266
0.40005180010589575 0.7160449392254679 0.14808185844501906
0.6120990993238064 0.6589574989771549 0.7437553050158007
0.1803686019340335 0.6599396430933167 0.5757742107836004
0.8359926275287574 0.42748200561525523 0.21950805739999554
0.5420406018289023 0.8050435239975837 0.02909963232519899
0.6519581010707607 0.3434822070200161 0.21228661212110925
0.00746681016425893 0.4019223621188303 0.6190520220069373
0.4901931652639082 0.4610017633999222 0.4447851700084059
0.6794829936692242 0.26403208297673453 0.3334798645059402
0.4338234121578172 0.5806496704276296 0.38588114297063
0.38878216946049166 0.1009834155292588 0.007692567359638503
0.8311787821766151 0.4752508039042733 0.534406170383957
0.5637765870888528 0.3137424962075247 0.6778667271002677
0.3110507490488974 0.31976878605290343 0.3202278872632656
0.3494499025849245 0.5879120063998086 0.46944349003209107
0.5579340896034306 0.18170742841189902 0.2520839144730483
0.4423531344552538 0.5304195873417133 0.5950131337044048
0.08386608455867972 0.36845153219480314 0.6217934702201243
0.17456967568062712 0.621108069266014 0.4175294814781236
0.7833761090920315 0.5145824130381611 0.4012194616083212
0.6270148602206791 0.24000222477458252 0.8242760477410991
0.2174605654018777 0.5923300572720394 0.06145664188397121
0.2996444235649063 0.5857388343559217 0.7346259036739778
0.08809796299597826 0.8523617656283888 0.7078553529323901
0.6313105871899825 0.13335228833843754 0.7996821154348027
0.7580652557667097 0.31179909102265674 0.3091428223468908
0.48296793372175667 0.06675937216805258 0.19856285238299695
0.44343518833078194 0.5088440882344973 0.6096355781963493
0.14359419778679922 0.3196793919354926 0.1772561571271367
0.7203364803190659 0.32433953633506096 0.7895530846366607
0.3982874359264294 0.6652448558958761 0.03211721281648381
0.627467228294702 0.386070402685909 0.4635559773630274
0.33126889911980456 0.1920629027779944 0.402767011097943
0.7082049216487891 0.5481341614644052 0.1388425976513615
0.4080889092965155 0.3730699727677192 0.13503488748274714
0.8143925335667783 0.7451716272193347 0.44940999350657684
0.39669457508225364 0.7556962742088006 0.343824943080369
0.2906913964539435 0.46657399422110024 0.810199241414864
0.6123834630218932 0.17549189526643158 0.6207016542239526
0.5974586129002524 0.48328395675452246 0.891284937199811
0.38253675971291595 0.38108446643819255 0.13484472573718675
0.19029534759252634 0.05196540970815441 0.12336385520146896
0.4372966511500408 0.2893180363547634 0.08146321419467521
0.5824310456237272 0.13033625752450248 0.25139854096543146
0.8317880967873703 0.3910561763200725 0.45174076174390076
0.32578059817754185 0.6772650334221024 0.29315035363547964
0.3931300937122149 0.6851246483687857 0.7829325752838197
0.8499781453547169 0.3265694073658645 0.47600943169559673
0.13533374048304309 0.759149665565209 0.6254915104316282
0.7784472858337391 0.05125515684607758 0.09272603182090397
0.44955855978727577 0.7595133721364451 0.3460839681718011
0.8589440918179666 0.8260104186638721 0.2890487094883625
0.39653095879986955 0.43774009089412164 0.7574618104181433
0.3525624649938405 0.31506020715733885 0.6327658800704532
0.4868964186121986 0.21351540484629009 0.8678294158180717
0.06323541565354378 0.6972797552175534 0.33728793248222755
